0,403
30,2
0,402
0,401
0,400
0,399
0,398
0,386
28,2
3,1
3,3
10,234
10,28
10,196
10,216
11,16
11,7
11,12
11,9
11,20
9,7
8,8
8,10
8,17
8,12
30,4
30,3
30,1
28,3
28,1
24,3
24,1
20,3
20,2
20,1
19,3
19,2
19,1
12,3
12,2
12,1
11,30
11,29
11,28
11,27
11,26
11,25
11,24
11,23
11,22
11,21
11,18
11,14
11,10
11,5
11,3
11,2
11,1
10,317
10,316
10,315
18,1
10,314
18,3
10,313
10,312
10,311
10,310
14,1
10,309
14,3
10,308
10,307
13,1
10,306
13,3
10,305
10,304
10,303
10,302
10,301
10,300
10,299
10,298
10,297
10,296
10,295
10,294
10,293
